=====TABLE START=====
Proc Used: 0  currentTime: 0
Time:	|
Proc: 1 |
Proc: 2 |
Proc: 3 |
Proc: 4 |
Proc: 5 |
Proc: 6 |
Proc: 7 |
Proc: 8 |
Proc: 9 |
Proc: 10 |
Proc: 11 |
Proc: 12 |
Proc: 13 |
Proc: 14 |
=====TABLE END=====
=====TABLE START=====
Proc Used: 6  currentTime: 0
Time:	|
Proc: 1 |
Proc: 2 |
Proc: 3 |
Proc: 4 |
Proc: 5 |
Proc: 6 |
Proc: 7 |
Proc: 8 |
Proc: 9 |
Proc: 10 |
Proc: 11 |
Proc: 12 |
Proc: 13 |
Proc: 14 |
=====TABLE END=====
=====TABLE START=====
Proc Used: 6  currentTime: 1
Time:	|1	|
Proc: 1 |1	|
Proc: 2 |5	|
Proc: 3 |10	|
Proc: 4 |13	|
Proc: 5 |12	|
Proc: 6 |11	|
Proc: 7 |0	|
Proc: 8 |0	|
Proc: 9 |0	|
Proc: 10 |0	|
Proc: 11 |0	|
Proc: 12 |0	|
Proc: 13 |0	|
Proc: 14 |0	|
=====TABLE END=====
=====TABLE START=====
Proc Used: 6  currentTime: 2
Time:	|1	|2	|
Proc: 1 |1	|1	|
Proc: 2 |5	|0	|
Proc: 3 |10	|0	|
Proc: 4 |13	|0	|
Proc: 5 |12	|12	|
Proc: 6 |11	|11	|
Proc: 7 |0	|0	|
Proc: 8 |0	|0	|
Proc: 9 |0	|0	|
Proc: 10 |0	|0	|
Proc: 11 |0	|0	|
Proc: 12 |0	|0	|
Proc: 13 |0	|0	|
Proc: 14 |0	|0	|
=====TABLE END=====
=====TABLE START=====
Proc Used: 6  currentTime: 3
Time:	|1	|2	|3	|
Proc: 1 |1	|1	|2	|
Proc: 2 |5	|0	|3	|
Proc: 3 |10	|0	|4	|
Proc: 4 |13	|0	|0	|
Proc: 5 |12	|12	|0	|
Proc: 6 |11	|11	|11	|
Proc: 7 |0	|0	|0	|
Proc: 8 |0	|0	|0	|
Proc: 9 |0	|0	|0	|
Proc: 10 |0	|0	|0	|
Proc: 11 |0	|0	|0	|
Proc: 12 |0	|0	|0	|
Proc: 13 |0	|0	|0	|
Proc: 14 |0	|0	|0	|
=====TABLE END=====
=====TABLE START=====
Proc Used: 6  currentTime: 4
Time:	|1	|2	|3	|4	|
Proc: 1 |1	|1	|2	|2	|
Proc: 2 |5	|0	|3	|0	|
Proc: 3 |10	|0	|4	|4	|
Proc: 4 |13	|0	|0	|0	|
Proc: 5 |12	|12	|0	|0	|
Proc: 6 |11	|11	|11	|11	|
Proc: 7 |0	|0	|0	|0	|
Proc: 8 |0	|0	|0	|0	|
Proc: 9 |0	|0	|0	|0	|
Proc: 10 |0	|0	|0	|0	|
Proc: 11 |0	|0	|0	|0	|
Proc: 12 |0	|0	|0	|0	|
Proc: 13 |0	|0	|0	|0	|
Proc: 14 |0	|0	|0	|0	|
=====TABLE END=====
=====TABLE START=====
Proc Used: 6  currentTime: 5
Time:	|1	|2	|3	|4	|5	|
Proc: 1 |1	|1	|2	|2	|2	|
Proc: 2 |5	|0	|3	|0	|0	|
Proc: 3 |10	|0	|4	|4	|0	|
Proc: 4 |13	|0	|0	|0	|0	|
Proc: 5 |12	|12	|0	|0	|0	|
Proc: 6 |11	|11	|11	|11	|0	|
Proc: 7 |0	|0	|0	|0	|0	|
Proc: 8 |0	|0	|0	|0	|0	|
Proc: 9 |0	|0	|0	|0	|0	|
Proc: 10 |0	|0	|0	|0	|0	|
Proc: 11 |0	|0	|0	|0	|0	|
Proc: 12 |0	|0	|0	|0	|0	|
Proc: 13 |0	|0	|0	|0	|0	|
Proc: 14 |0	|0	|0	|0	|0	|
=====TABLE END=====
=====TABLE START=====
Proc Used: 6  currentTime: 6
Time:	|1	|2	|3	|4	|5	|6	|
Proc: 1 |1	|1	|2	|2	|2	|6	|
Proc: 2 |5	|0	|3	|0	|0	|7	|
Proc: 3 |10	|0	|4	|4	|0	|0	|
Proc: 4 |13	|0	|0	|0	|0	|0	|
Proc: 5 |12	|12	|0	|0	|0	|0	|
Proc: 6 |11	|11	|11	|11	|0	|0	|
Proc: 7 |0	|0	|0	|0	|0	|0	|
Proc: 8 |0	|0	|0	|0	|0	|0	|
Proc: 9 |0	|0	|0	|0	|0	|0	|
Proc: 10 |0	|0	|0	|0	|0	|0	|
Proc: 11 |0	|0	|0	|0	|0	|0	|
Proc: 12 |0	|0	|0	|0	|0	|0	|
Proc: 13 |0	|0	|0	|0	|0	|0	|
Proc: 14 |0	|0	|0	|0	|0	|0	|
=====TABLE END=====
=====TABLE START=====
Proc Used: 6  currentTime: 7
Time:	|1	|2	|3	|4	|5	|6	|7	|
Proc: 1 |1	|1	|2	|2	|2	|6	|6	|
Proc: 2 |5	|0	|3	|0	|0	|7	|9	|
Proc: 3 |10	|0	|4	|4	|0	|0	|0	|
Proc: 4 |13	|0	|0	|0	|0	|0	|0	|
Proc: 5 |12	|12	|0	|0	|0	|0	|0	|
Proc: 6 |11	|11	|11	|11	|0	|0	|0	|
Proc: 7 |0	|0	|0	|0	|0	|0	|0	|
Proc: 8 |0	|0	|0	|0	|0	|0	|0	|
Proc: 9 |0	|0	|0	|0	|0	|0	|0	|
Proc: 10 |0	|0	|0	|0	|0	|0	|0	|
Proc: 11 |0	|0	|0	|0	|0	|0	|0	|
Proc: 12 |0	|0	|0	|0	|0	|0	|0	|
Proc: 13 |0	|0	|0	|0	|0	|0	|0	|
Proc: 14 |0	|0	|0	|0	|0	|0	|0	|
=====TABLE END=====
=====TABLE START=====
Proc Used: 6  currentTime: 8
Time:	|1	|2	|3	|4	|5	|6	|7	|8	|
Proc: 1 |1	|1	|2	|2	|2	|6	|6	|6	|
Proc: 2 |5	|0	|3	|0	|0	|7	|9	|9	|
Proc: 3 |10	|0	|4	|4	|0	|0	|0	|0	|
Proc: 4 |13	|0	|0	|0	|0	|0	|0	|0	|
Proc: 5 |12	|12	|0	|0	|0	|0	|0	|0	|
Proc: 6 |11	|11	|11	|11	|0	|0	|0	|0	|
Proc: 7 |0	|0	|0	|0	|0	|0	|0	|0	|
Proc: 8 |0	|0	|0	|0	|0	|0	|0	|0	|
Proc: 9 |0	|0	|0	|0	|0	|0	|0	|0	|
Proc: 10 |0	|0	|0	|0	|0	|0	|0	|0	|
Proc: 11 |0	|0	|0	|0	|0	|0	|0	|0	|
Proc: 12 |0	|0	|0	|0	|0	|0	|0	|0	|
Proc: 13 |0	|0	|0	|0	|0	|0	|0	|0	|
Proc: 14 |0	|0	|0	|0	|0	|0	|0	|0	|
=====TABLE END=====
=====TABLE START=====
Proc Used: 6  currentTime: 9
Time:	|1	|2	|3	|4	|5	|6	|7	|8	|9	|
Proc: 1 |1	|1	|2	|2	|2	|6	|6	|6	|14	|
Proc: 2 |5	|0	|3	|0	|0	|7	|9	|9	|9	|
Proc: 3 |10	|0	|4	|4	|0	|0	|0	|0	|0	|
Proc: 4 |13	|0	|0	|0	|0	|0	|0	|0	|0	|
Proc: 5 |12	|12	|0	|0	|0	|0	|0	|0	|0	|
Proc: 6 |11	|11	|11	|11	|0	|0	|0	|0	|0	|
Proc: 7 |0	|0	|0	|0	|0	|0	|0	|0	|0	|
Proc: 8 |0	|0	|0	|0	|0	|0	|0	|0	|0	|
Proc: 9 |0	|0	|0	|0	|0	|0	|0	|0	|0	|
Proc: 10 |0	|0	|0	|0	|0	|0	|0	|0	|0	|
Proc: 11 |0	|0	|0	|0	|0	|0	|0	|0	|0	|
Proc: 12 |0	|0	|0	|0	|0	|0	|0	|0	|0	|
Proc: 13 |0	|0	|0	|0	|0	|0	|0	|0	|0	|
Proc: 14 |0	|0	|0	|0	|0	|0	|0	|0	|0	|
=====TABLE END=====
=====TABLE START=====
Proc Used: 6  currentTime: 10
Time:	|1	|2	|3	|4	|5	|6	|7	|8	|9	|10	|
Proc: 1 |1	|1	|2	|2	|2	|6	|6	|6	|14	|14	|
Proc: 2 |5	|0	|3	|0	|0	|7	|9	|9	|9	|8	|
Proc: 3 |10	|0	|4	|4	|0	|0	|0	|0	|0	|0	|
Proc: 4 |13	|0	|0	|0	|0	|0	|0	|0	|0	|0	|
Proc: 5 |12	|12	|0	|0	|0	|0	|0	|0	|0	|0	|
Proc: 6 |11	|11	|11	|11	|0	|0	|0	|0	|0	|0	|
Proc: 7 |0	|0	|0	|0	|0	|0	|0	|0	|0	|0	|
Proc: 8 |0	|0	|0	|0	|0	|0	|0	|0	|0	|0	|
Proc: 9 |0	|0	|0	|0	|0	|0	|0	|0	|0	|0	|
Proc: 10 |0	|0	|0	|0	|0	|0	|0	|0	|0	|0	|
Proc: 11 |0	|0	|0	|0	|0	|0	|0	|0	|0	|0	|
Proc: 12 |0	|0	|0	|0	|0	|0	|0	|0	|0	|0	|
Proc: 13 |0	|0	|0	|0	|0	|0	|0	|0	|0	|0	|
Proc: 14 |0	|0	|0	|0	|0	|0	|0	|0	|0	|0	|
=====TABLE END=====
=====TABLE START=====
Proc Used: 6  currentTime: 11
Time:	|1	|2	|3	|4	|5	|6	|7	|8	|9	|10	|11	|
Proc: 1 |1	|1	|2	|2	|2	|6	|6	|6	|14	|14	|0	|
Proc: 2 |5	|0	|3	|0	|0	|7	|9	|9	|9	|8	|8	|
Proc: 3 |10	|0	|4	|4	|0	|0	|0	|0	|0	|0	|0	|
Proc: 4 |13	|0	|0	|0	|0	|0	|0	|0	|0	|0	|0	|
Proc: 5 |12	|12	|0	|0	|0	|0	|0	|0	|0	|0	|0	|
Proc: 6 |11	|11	|11	|11	|0	|0	|0	|0	|0	|0	|0	|
Proc: 7 |0	|0	|0	|0	|0	|0	|0	|0	|0	|0	|0	|
Proc: 8 |0	|0	|0	|0	|0	|0	|0	|0	|0	|0	|0	|
Proc: 9 |0	|0	|0	|0	|0	|0	|0	|0	|0	|0	|0	|
Proc: 10 |0	|0	|0	|0	|0	|0	|0	|0	|0	|0	|0	|
Proc: 11 |0	|0	|0	|0	|0	|0	|0	|0	|0	|0	|0	|
Proc: 12 |0	|0	|0	|0	|0	|0	|0	|0	|0	|0	|0	|
Proc: 13 |0	|0	|0	|0	|0	|0	|0	|0	|0	|0	|0	|
Proc: 14 |0	|0	|0	|0	|0	|0	|0	|0	|0	|0	|0	|
=====TABLE END=====
