Printing Matrix...
 	0	1	2	3	4	5	6	7	8	9	10	11	12	13	14	
0	14	0	1	1	1	0	5	4	4	1	0	0	0	0	2	
1	3	1	1	1	1	0	0	0	0	0	0	0	0	0	0	
2	2	0	1	0	0	0	1	1	0	0	0	0	0	0	0	
3	2	0	0	1	0	0	1	1	0	0	0	0	0	0	0	
4	1	0	0	0	1	0	0	1	0	0	0	0	0	0	0	
5	1	0	0	0	0	1	1	0	0	0	0	0	0	0	0	
6	2	0	0	0	0	0	1	0	1	0	0	0	0	0	1	
7	1	0	0	0	0	0	0	1	0	1	0	0	0	0	0	
8	0	0	0	0	0	0	0	0	1	0	0	0	0	0	0	
9	1	0	0	0	0	0	0	0	1	1	0	0	0	0	0	
10	2	0	0	0	0	0	1	0	0	0	1	0	0	0	1	
11	2	0	0	0	0	0	0	1	1	0	0	1	0	0	0	
12	1	0	0	0	0	0	0	0	1	0	0	0	1	0	0	
13	1	0	0	0	0	0	1	0	0	0	0	0	0	1	0	
14	0	0	0	0	0	0	0	0	0	0	0	0	0	0	1	
Starting Step 3
Starting Step 4
0, 2, 3, 1, 2, 1, 3, 1, 2, 3, 1, 4, 2, 1, 2, Starting Step 5
Finding next orphan
looping:1
found
fillOpen new node: 1, 2
Printing OPEN LinkedList......
(-1, -1)->(1, 2)->NULL
Printing Matrix...
 	0	1	2	3	4	5	6	7	8	9	10	11	12	13	14	
0	14	0	1	1	1	0	5	4	4	1	0	0	0	0	2	
1	3	2	1	1	1	0	0	0	0	0	0	0	0	0	0	
2	2	0	1	0	0	0	1	1	0	0	0	0	0	0	0	
3	2	0	0	1	0	0	1	1	0	0	0	0	0	0	0	
4	1	0	0	0	1	0	0	1	0	0	0	0	0	0	0	
5	1	0	0	0	0	1	1	0	0	0	0	0	0	0	0	
6	2	0	0	0	0	0	1	0	1	0	0	0	0	0	1	
7	1	0	0	0	0	0	0	1	0	1	0	0	0	0	0	
8	0	0	0	0	0	0	0	0	1	0	0	0	0	0	0	
9	1	0	0	0	0	0	0	0	1	1	0	0	0	0	0	
10	2	0	0	0	0	0	1	0	0	0	1	0	0	0	1	
11	2	0	0	0	0	0	0	1	1	0	0	1	0	0	0	
12	1	0	0	0	0	0	0	0	1	0	0	0	1	0	0	
13	1	0	0	0	0	0	1	0	0	0	0	0	0	1	0	
14	0	0	0	0	0	0	0	0	0	0	0	0	0	0	1	
Finding next orphan
looping:1
looping:2
looping:3
looping:4
looping:5
found
fillOpen new node: 5, 1
Printing OPEN LinkedList......
(-1, -1)->(1, 2)->(5, 1)->NULL
Printing Matrix...
 	0	1	2	3	4	5	6	7	8	9	10	11	12	13	14	
0	14	0	1	1	1	0	5	4	4	1	0	0	0	0	2	
1	3	2	1	1	1	0	0	0	0	0	0	0	0	0	0	
2	2	0	1	0	0	0	1	1	0	0	0	0	0	0	0	
3	2	0	0	1	0	0	1	1	0	0	0	0	0	0	0	
4	1	0	0	0	1	0	0	1	0	0	0	0	0	0	0	
5	1	0	0	0	0	2	1	0	0	0	0	0	0	0	0	
6	2	0	0	0	0	0	1	0	1	0	0	0	0	0	1	
7	1	0	0	0	0	0	0	1	0	1	0	0	0	0	0	
8	0	0	0	0	0	0	0	0	1	0	0	0	0	0	0	
9	1	0	0	0	0	0	0	0	1	1	0	0	0	0	0	
10	2	0	0	0	0	0	1	0	0	0	1	0	0	0	1	
11	2	0	0	0	0	0	0	1	1	0	0	1	0	0	0	
12	1	0	0	0	0	0	0	0	1	0	0	0	1	0	0	
13	1	0	0	0	0	0	1	0	0	0	0	0	0	1	0	
14	0	0	0	0	0	0	0	0	0	0	0	0	0	0	1	
Finding next orphan
looping:1
looping:2
looping:3
looping:4
looping:5
looping:6
looping:7
looping:8
looping:9
looping:10
found
fillOpen new node: 10, 1
Printing OPEN LinkedList......
(-1, -1)->(1, 2)->(5, 1)->(10, 1)->NULL
Printing Matrix...
 	0	1	2	3	4	5	6	7	8	9	10	11	12	13	14	
0	14	0	1	1	1	0	5	4	4	1	0	0	0	0	2	
1	3	2	1	1	1	0	0	0	0	0	0	0	0	0	0	
2	2	0	1	0	0	0	1	1	0	0	0	0	0	0	0	
3	2	0	0	1	0	0	1	1	0	0	0	0	0	0	0	
4	1	0	0	0	1	0	0	1	0	0	0	0	0	0	0	
5	1	0	0	0	0	2	1	0	0	0	0	0	0	0	0	
6	2	0	0	0	0	0	1	0	1	0	0	0	0	0	1	
7	1	0	0	0	0	0	0	1	0	1	0	0	0	0	0	
8	0	0	0	0	0	0	0	0	1	0	0	0	0	0	0	
9	1	0	0	0	0	0	0	0	1	1	0	0	0	0	0	
10	2	0	0	0	0	0	1	0	0	0	2	0	0	0	1	
11	2	0	0	0	0	0	0	1	1	0	0	1	0	0	0	
12	1	0	0	0	0	0	0	0	1	0	0	0	1	0	0	
13	1	0	0	0	0	0	1	0	0	0	0	0	0	1	0	
14	0	0	0	0	0	0	0	0	0	0	0	0	0	0	1	
Finding next orphan
looping:1
looping:2
looping:3
looping:4
looping:5
looping:6
looping:7
looping:8
looping:9
looping:10
looping:11
found
fillOpen new node: 11, 4
Printing OPEN LinkedList......
(-1, -1)->(1, 2)->(5, 1)->(10, 1)->(11, 4)->NULL
Printing Matrix...
 	0	1	2	3	4	5	6	7	8	9	10	11	12	13	14	
0	14	0	1	1	1	0	5	4	4	1	0	0	0	0	2	
1	3	2	1	1	1	0	0	0	0	0	0	0	0	0	0	
2	2	0	1	0	0	0	1	1	0	0	0	0	0	0	0	
3	2	0	0	1	0	0	1	1	0	0	0	0	0	0	0	
4	1	0	0	0	1	0	0	1	0	0	0	0	0	0	0	
5	1	0	0	0	0	2	1	0	0	0	0	0	0	0	0	
6	2	0	0	0	0	0	1	0	1	0	0	0	0	0	1	
7	1	0	0	0	0	0	0	1	0	1	0	0	0	0	0	
8	0	0	0	0	0	0	0	0	1	0	0	0	0	0	0	
9	1	0	0	0	0	0	0	0	1	1	0	0	0	0	0	
10	2	0	0	0	0	0	1	0	0	0	2	0	0	0	1	
11	2	0	0	0	0	0	0	1	1	0	0	2	0	0	0	
12	1	0	0	0	0	0	0	0	1	0	0	0	1	0	0	
13	1	0	0	0	0	0	1	0	0	0	0	0	0	1	0	
14	0	0	0	0	0	0	0	0	0	0	0	0	0	0	1	
Finding next orphan
looping:1
looping:2
looping:3
looping:4
looping:5
looping:6
looping:7
looping:8
looping:9
looping:10
looping:11
looping:12
found
fillOpen new node: 12, 2
Printing OPEN LinkedList......
(-1, -1)->(1, 2)->(5, 1)->(10, 1)->(12, 2)->(11, 4)->NULL
Printing Matrix...
 	0	1	2	3	4	5	6	7	8	9	10	11	12	13	14	
0	14	0	1	1	1	0	5	4	4	1	0	0	0	0	2	
1	3	2	1	1	1	0	0	0	0	0	0	0	0	0	0	
2	2	0	1	0	0	0	1	1	0	0	0	0	0	0	0	
3	2	0	0	1	0	0	1	1	0	0	0	0	0	0	0	
4	1	0	0	0	1	0	0	1	0	0	0	0	0	0	0	
5	1	0	0	0	0	2	1	0	0	0	0	0	0	0	0	
6	2	0	0	0	0	0	1	0	1	0	0	0	0	0	1	
7	1	0	0	0	0	0	0	1	0	1	0	0	0	0	0	
8	0	0	0	0	0	0	0	0	1	0	0	0	0	0	0	
9	1	0	0	0	0	0	0	0	1	1	0	0	0	0	0	
10	2	0	0	0	0	0	1	0	0	0	2	0	0	0	1	
11	2	0	0	0	0	0	0	1	1	0	0	2	0	0	0	
12	1	0	0	0	0	0	0	0	1	0	0	0	2	0	0	
13	1	0	0	0	0	0	1	0	0	0	0	0	0	1	0	
14	0	0	0	0	0	0	0	0	0	0	0	0	0	0	1	
Finding next orphan
looping:1
looping:2
looping:3
looping:4
looping:5
looping:6
looping:7
looping:8
looping:9
looping:10
looping:11
looping:12
looping:13
found
fillOpen new node: 13, 1
Printing OPEN LinkedList......
(-1, -1)->(1, 2)->(5, 1)->(10, 1)->(13, 1)->(12, 2)->(11, 4)->NULL
Printing Matrix...
 	0	1	2	3	4	5	6	7	8	9	10	11	12	13	14	
0	14	0	1	1	1	0	5	4	4	1	0	0	0	0	2	
1	3	2	1	1	1	0	0	0	0	0	0	0	0	0	0	
2	2	0	1	0	0	0	1	1	0	0	0	0	0	0	0	
3	2	0	0	1	0	0	1	1	0	0	0	0	0	0	0	
4	1	0	0	0	1	0	0	1	0	0	0	0	0	0	0	
5	1	0	0	0	0	2	1	0	0	0	0	0	0	0	0	
6	2	0	0	0	0	0	1	0	1	0	0	0	0	0	1	
7	1	0	0	0	0	0	0	1	0	1	0	0	0	0	0	
8	0	0	0	0	0	0	0	0	1	0	0	0	0	0	0	
9	1	0	0	0	0	0	0	0	1	1	0	0	0	0	0	
10	2	0	0	0	0	0	1	0	0	0	2	0	0	0	1	
11	2	0	0	0	0	0	0	1	1	0	0	2	0	0	0	
12	1	0	0	0	0	0	0	0	1	0	0	0	2	0	0	
13	1	0	0	0	0	0	1	0	0	0	0	0	0	2	0	
14	0	0	0	0	0	0	0	0	0	0	0	0	0	0	1	
Finding next orphan
looping:1
looping:2
looping:3
looping:4
looping:5
looping:6
looping:7
looping:8
looping:9
looping:10
looping:11
looping:12
looping:13
looping:14
Printing OPEN LinkedList......
(-1, -1)->(1, 2)->(5, 1)->(10, 1)->(13, 1)->(12, 2)->(11, 4)->NULL
Starting Step 6
Next Proc:0
Removed Node:1, 2
procs used:1
=====TABLE START=====
Proc Used: 1  currentTime: 0
Time:	|
Proc: 1 |
Proc: 2 |
Proc: 3 |
=====TABLE END=====
Next Proc:1
Removed Node:5, 1
procs used:2
=====TABLE START=====
Proc Used: 2  currentTime: 0
Time:	|
Proc: 1 |
Proc: 2 |
Proc: 3 |
=====TABLE END=====
Next Proc:2
Removed Node:10, 1
procs used:3
=====TABLE START=====
Proc Used: 3  currentTime: 0
Time:	|
Proc: 1 |
Proc: 2 |
Proc: 3 |
=====TABLE END=====
Next Proc:-1
=====TABLE START=====
Proc Used: 3  currentTime: 0
Time:	|
Proc: 1 |
Proc: 2 |
Proc: 3 |
=====TABLE END=====
Starting Step 9
Starting Step 7
Starting Step 8
Printing Matrix...
 	0	1	2	3	4	5	6	7	8	9	10	11	12	13	14	
0	14	0	1	1	1	0	5	4	4	1	0	0	0	0	2	
1	3	2	1	1	1	0	0	0	0	0	0	0	0	0	0	
2	2	0	1	0	0	0	1	1	0	0	0	0	0	0	0	
3	2	0	0	1	0	0	1	1	0	0	0	0	0	0	0	
4	1	0	0	0	1	0	0	1	0	0	0	0	0	0	0	
5	1	0	0	0	0	2	1	0	0	0	0	0	0	0	0	
6	2	0	0	0	0	0	1	0	1	0	0	0	0	0	1	
7	1	0	0	0	0	0	0	1	0	1	0	0	0	0	0	
8	0	0	0	0	0	0	0	0	1	0	0	0	0	0	0	
9	1	0	0	0	0	0	0	0	1	1	0	0	0	0	0	
10	2	0	0	0	0	0	1	0	0	0	2	0	0	0	1	
11	2	0	0	0	0	0	0	1	1	0	0	2	0	0	0	
12	1	0	0	0	0	0	0	0	1	0	0	0	2	0	0	
13	1	0	0	0	0	0	1	0	0	0	0	0	0	2	0	
14	0	0	0	0	0	0	0	0	0	0	0	0	0	0	1	
Printing Matrix...
 	0	1	2	3	4	5	6	7	8	9	10	11	12	13	14	
0	13	0	1	1	1	0	4	4	4	1	0	0	0	0	2	
1	3	2	1	1	1	0	0	0	0	0	0	0	0	0	0	
2	2	0	1	0	0	0	1	1	0	0	0	0	0	0	0	
3	2	0	0	1	0	0	1	1	0	0	0	0	0	0	0	
4	1	0	0	0	1	0	0	1	0	0	0	0	0	0	0	
5	1	0	0	0	0	0	1	0	0	0	0	0	0	0	0	
6	2	0	0	0	0	0	1	0	1	0	0	0	0	0	1	
7	1	0	0	0	0	0	0	1	0	1	0	0	0	0	0	
8	0	0	0	0	0	0	0	0	1	0	0	0	0	0	0	
9	1	0	0	0	0	0	0	0	1	1	0	0	0	0	0	
10	2	0	0	0	0	0	1	0	0	0	2	0	0	0	1	
11	2	0	0	0	0	0	0	1	1	0	0	2	0	0	0	
12	1	0	0	0	0	0	0	0	1	0	0	0	2	0	0	
13	1	0	0	0	0	0	1	0	0	0	0	0	0	2	0	
14	0	0	0	0	0	0	0	0	0	0	0	0	0	0	1	
Printing Matrix...
 	0	1	2	3	4	5	6	7	8	9	10	11	12	13	14	
0	12	0	1	1	1	0	3	4	4	1	0	0	0	0	1	
1	3	2	1	1	1	0	0	0	0	0	0	0	0	0	0	
2	2	0	1	0	0	0	1	1	0	0	0	0	0	0	0	
3	2	0	0	1	0	0	1	1	0	0	0	0	0	0	0	
4	1	0	0	0	1	0	0	1	0	0	0	0	0	0	0	
5	1	0	0	0	0	0	1	0	0	0	0	0	0	0	0	
6	2	0	0	0	0	0	1	0	1	0	0	0	0	0	1	
7	1	0	0	0	0	0	0	1	0	1	0	0	0	0	0	
8	0	0	0	0	0	0	0	0	1	0	0	0	0	0	0	
9	1	0	0	0	0	0	0	0	1	1	0	0	0	0	0	
10	2	0	0	0	0	0	1	0	0	0	0	0	0	0	1	
11	2	0	0	0	0	0	0	1	1	0	0	2	0	0	0	
12	1	0	0	0	0	0	0	0	1	0	0	0	2	0	0	
13	1	0	0	0	0	0	1	0	0	0	0	0	0	2	0	
14	0	0	0	0	0	0	0	0	0	0	0	0	0	0	1	
Starting Step 5
Finding next orphan
looping:1
looping:2
looping:3
looping:4
looping:5
looping:6
looping:7
looping:8
looping:9
looping:10
looping:11
looping:12
looping:13
looping:14
Printing OPEN LinkedList......
(-1, -1)->(13, 1)->(12, 2)->(11, 4)->NULL
Starting Step 6
Next Proc:1
Removed Node:13, 1
procs used:3
=====TABLE START=====
Proc Used: 3  currentTime: 1
Time:	|1	|
Proc: 1 |1	|
Proc: 2 |5	|
Proc: 3 |10	|
=====TABLE END=====
Next Proc:2
Removed Node:12, 2
procs used:3
=====TABLE START=====
Proc Used: 3  currentTime: 1
Time:	|1	|
Proc: 1 |1	|
Proc: 2 |5	|
Proc: 3 |10	|
=====TABLE END=====
Next Proc:-1
=====TABLE START=====
Proc Used: 3  currentTime: 1
Time:	|1	|
Proc: 1 |1	|
Proc: 2 |5	|
Proc: 3 |10	|
=====TABLE END=====
Starting Step 9
Starting Step 7
Starting Step 8
Printing Matrix...
 	0	1	2	3	4	5	6	7	8	9	10	11	12	13	14	
0	11	0	0	0	0	0	3	4	4	1	0	0	0	0	1	
1	3	0	1	1	1	0	0	0	0	0	0	0	0	0	0	
2	2	0	1	0	0	0	1	1	0	0	0	0	0	0	0	
3	2	0	0	1	0	0	1	1	0	0	0	0	0	0	0	
4	1	0	0	0	1	0	0	1	0	0	0	0	0	0	0	
5	1	0	0	0	0	0	1	0	0	0	0	0	0	0	0	
6	2	0	0	0	0	0	1	0	1	0	0	0	0	0	1	
7	1	0	0	0	0	0	0	1	0	1	0	0	0	0	0	
8	0	0	0	0	0	0	0	0	1	0	0	0	0	0	0	
9	1	0	0	0	0	0	0	0	1	1	0	0	0	0	0	
10	2	0	0	0	0	0	1	0	0	0	0	0	0	0	1	
11	2	0	0	0	0	0	0	1	1	0	0	2	0	0	0	
12	1	0	0	0	0	0	0	0	1	0	0	0	2	0	0	
13	1	0	0	0	0	0	1	0	0	0	0	0	0	2	0	
14	0	0	0	0	0	0	0	0	0	0	0	0	0	0	1	
Printing Matrix...
 	0	1	2	3	4	5	6	7	8	9	10	11	12	13	14	
0	10	0	0	0	0	0	2	4	4	1	0	0	0	0	1	
1	3	0	1	1	1	0	0	0	0	0	0	0	0	0	0	
2	2	0	1	0	0	0	1	1	0	0	0	0	0	0	0	
3	2	0	0	1	0	0	1	1	0	0	0	0	0	0	0	
4	1	0	0	0	1	0	0	1	0	0	0	0	0	0	0	
5	1	0	0	0	0	0	1	0	0	0	0	0	0	0	0	
6	2	0	0	0	0	0	1	0	1	0	0	0	0	0	1	
7	1	0	0	0	0	0	0	1	0	1	0	0	0	0	0	
8	0	0	0	0	0	0	0	0	1	0	0	0	0	0	0	
9	1	0	0	0	0	0	0	0	1	1	0	0	0	0	0	
10	2	0	0	0	0	0	1	0	0	0	0	0	0	0	1	
11	2	0	0	0	0	0	0	1	1	0	0	2	0	0	0	
12	1	0	0	0	0	0	0	0	1	0	0	0	2	0	0	
13	1	0	0	0	0	0	1	0	0	0	0	0	0	0	0	
14	0	0	0	0	0	0	0	0	0	0	0	0	0	0	1	
Printing Matrix...
 	0	1	2	3	4	5	6	7	8	9	10	11	12	13	14	
0	10	0	0	0	0	0	2	4	4	1	0	0	0	0	1	
1	3	0	1	1	1	0	0	0	0	0	0	0	0	0	0	
2	2	0	1	0	0	0	1	1	0	0	0	0	0	0	0	
3	2	0	0	1	0	0	1	1	0	0	0	0	0	0	0	
4	1	0	0	0	1	0	0	1	0	0	0	0	0	0	0	
5	1	0	0	0	0	0	1	0	0	0	0	0	0	0	0	
6	2	0	0	0	0	0	1	0	1	0	0	0	0	0	1	
7	1	0	0	0	0	0	0	1	0	1	0	0	0	0	0	
8	0	0	0	0	0	0	0	0	1	0	0	0	0	0	0	
9	1	0	0	0	0	0	0	0	1	1	0	0	0	0	0	
10	2	0	0	0	0	0	1	0	0	0	0	0	0	0	1	
11	2	0	0	0	0	0	0	1	1	0	0	2	0	0	0	
12	1	0	0	0	0	0	0	0	1	0	0	0	2	0	0	
13	1	0	0	0	0	0	1	0	0	0	0	0	0	0	0	
14	0	0	0	0	0	0	0	0	0	0	0	0	0	0	1	
Starting Step 5
Finding next orphan
looping:1
looping:2
found
fillOpen new node: 2, 3
Printing OPEN LinkedList......
(-1, -1)->(11, 4)->(2, 3)->NULL
Printing Matrix...
 	0	1	2	3	4	5	6	7	8	9	10	11	12	13	14	
0	10	0	0	0	0	0	2	4	4	1	0	0	0	0	1	
1	3	0	1	1	1	0	0	0	0	0	0	0	0	0	0	
2	2	0	2	0	0	0	1	1	0	0	0	0	0	0	0	
3	2	0	0	1	0	0	1	1	0	0	0	0	0	0	0	
4	1	0	0	0	1	0	0	1	0	0	0	0	0	0	0	
5	1	0	0	0	0	0	1	0	0	0	0	0	0	0	0	
6	2	0	0	0	0	0	1	0	1	0	0	0	0	0	1	
7	1	0	0	0	0	0	0	1	0	1	0	0	0	0	0	
8	0	0	0	0	0	0	0	0	1	0	0	0	0	0	0	
9	1	0	0	0	0	0	0	0	1	1	0	0	0	0	0	
10	2	0	0	0	0	0	1	0	0	0	0	0	0	0	1	
11	2	0	0	0	0	0	0	1	1	0	0	2	0	0	0	
12	1	0	0	0	0	0	0	0	1	0	0	0	2	0	0	
13	1	0	0	0	0	0	1	0	0	0	0	0	0	0	0	
14	0	0	0	0	0	0	0	0	0	0	0	0	0	0	1	
Finding next orphan
looping:1
looping:2
looping:3
found
fillOpen new node: 3, 1
Printing OPEN LinkedList......
(-1, -1)->(11, 4)->(3, 1)->(2, 3)->NULL
Printing Matrix...
 	0	1	2	3	4	5	6	7	8	9	10	11	12	13	14	
0	10	0	0	0	0	0	2	4	4	1	0	0	0	0	1	
1	3	0	1	1	1	0	0	0	0	0	0	0	0	0	0	
2	2	0	2	0	0	0	1	1	0	0	0	0	0	0	0	
3	2	0	0	2	0	0	1	1	0	0	0	0	0	0	0	
4	1	0	0	0	1	0	0	1	0	0	0	0	0	0	0	
5	1	0	0	0	0	0	1	0	0	0	0	0	0	0	0	
6	2	0	0	0	0	0	1	0	1	0	0	0	0	0	1	
7	1	0	0	0	0	0	0	1	0	1	0	0	0	0	0	
8	0	0	0	0	0	0	0	0	1	0	0	0	0	0	0	
9	1	0	0	0	0	0	0	0	1	1	0	0	0	0	0	
10	2	0	0	0	0	0	1	0	0	0	0	0	0	0	1	
11	2	0	0	0	0	0	0	1	1	0	0	2	0	0	0	
12	1	0	0	0	0	0	0	0	1	0	0	0	2	0	0	
13	1	0	0	0	0	0	1	0	0	0	0	0	0	0	0	
14	0	0	0	0	0	0	0	0	0	0	0	0	0	0	1	
Finding next orphan
looping:1
looping:2
looping:3
looping:4
found
fillOpen new node: 4, 2
Printing OPEN LinkedList......
(-1, -1)->(11, 4)->(3, 1)->(4, 2)->(2, 3)->NULL
Printing Matrix...
 	0	1	2	3	4	5	6	7	8	9	10	11	12	13	14	
0	10	0	0	0	0	0	2	4	4	1	0	0	0	0	1	
1	3	0	1	1	1	0	0	0	0	0	0	0	0	0	0	
2	2	0	2	0	0	0	1	1	0	0	0	0	0	0	0	
3	2	0	0	2	0	0	1	1	0	0	0	0	0	0	0	
4	1	0	0	0	2	0	0	1	0	0	0	0	0	0	0	
5	1	0	0	0	0	0	1	0	0	0	0	0	0	0	0	
6	2	0	0	0	0	0	1	0	1	0	0	0	0	0	1	
7	1	0	0	0	0	0	0	1	0	1	0	0	0	0	0	
8	0	0	0	0	0	0	0	0	1	0	0	0	0	0	0	
9	1	0	0	0	0	0	0	0	1	1	0	0	0	0	0	
10	2	0	0	0	0	0	1	0	0	0	0	0	0	0	1	
11	2	0	0	0	0	0	0	1	1	0	0	2	0	0	0	
12	1	0	0	0	0	0	0	0	1	0	0	0	2	0	0	
13	1	0	0	0	0	0	1	0	0	0	0	0	0	0	0	
14	0	0	0	0	0	0	0	0	0	0	0	0	0	0	1	
Finding next orphan
looping:1
looping:2
looping:3
looping:4
looping:5
looping:6
looping:7
looping:8
looping:9
looping:10
looping:11
looping:12
looping:13
looping:14
Printing OPEN LinkedList......
(-1, -1)->(11, 4)->(3, 1)->(4, 2)->(2, 3)->NULL
Starting Step 6
Next Proc:0
Removed Node:11, 4
procs used:3
=====TABLE START=====
Proc Used: 3  currentTime: 2
Time:	|1	|2	|
Proc: 1 |1	|1	|
Proc: 2 |5	|13	|
Proc: 3 |10	|12	|
=====TABLE END=====
Next Proc:1
Removed Node:3, 1
procs used:3
=====TABLE START=====
Proc Used: 3  currentTime: 2
Time:	|1	|2	|
Proc: 1 |1	|1	|
Proc: 2 |5	|13	|
Proc: 3 |10	|12	|
=====TABLE END=====
Next Proc:-1
=====TABLE START=====
Proc Used: 3  currentTime: 2
Time:	|1	|2	|
Proc: 1 |1	|1	|
Proc: 2 |5	|13	|
Proc: 3 |10	|12	|
=====TABLE END=====
Starting Step 9
Starting Step 7
Starting Step 8
Printing Matrix...
 	0	1	2	3	4	5	6	7	8	9	10	11	12	13	14	
0	10	0	0	0	0	0	2	4	4	1	0	0	0	0	1	
1	3	0	1	1	1	0	0	0	0	0	0	0	0	0	0	
2	2	0	2	0	0	0	1	1	0	0	0	0	0	0	0	
3	2	0	0	2	0	0	1	1	0	0	0	0	0	0	0	
4	1	0	0	0	2	0	0	1	0	0	0	0	0	0	0	
5	1	0	0	0	0	0	1	0	0	0	0	0	0	0	0	
6	2	0	0	0	0	0	1	0	1	0	0	0	0	0	1	
7	1	0	0	0	0	0	0	1	0	1	0	0	0	0	0	
8	0	0	0	0	0	0	0	0	1	0	0	0	0	0	0	
9	1	0	0	0	0	0	0	0	1	1	0	0	0	0	0	
10	2	0	0	0	0	0	1	0	0	0	0	0	0	0	1	
11	2	0	0	0	0	0	0	1	1	0	0	2	0	0	0	
12	1	0	0	0	0	0	0	0	1	0	0	0	2	0	0	
13	1	0	0	0	0	0	1	0	0	0	0	0	0	0	0	
14	0	0	0	0	0	0	0	0	0	0	0	0	0	0	1	
Printing Matrix...
 	0	1	2	3	4	5	6	7	8	9	10	11	12	13	14	
0	9	0	0	0	0	0	1	3	4	1	0	0	0	0	1	
1	3	0	1	1	1	0	0	0	0	0	0	0	0	0	0	
2	2	0	2	0	0	0	1	1	0	0	0	0	0	0	0	
3	2	0	0	0	0	0	1	1	0	0	0	0	0	0	0	
4	1	0	0	0	2	0	0	1	0	0	0	0	0	0	0	
5	1	0	0	0	0	0	1	0	0	0	0	0	0	0	0	
6	2	0	0	0	0	0	1	0	1	0	0	0	0	0	1	
7	1	0	0	0	0	0	0	1	0	1	0	0	0	0	0	
8	0	0	0	0	0	0	0	0	1	0	0	0	0	0	0	
9	1	0	0	0	0	0	0	0	1	1	0	0	0	0	0	
10	2	0	0	0	0	0	1	0	0	0	0	0	0	0	1	
11	2	0	0	0	0	0	0	1	1	0	0	2	0	0	0	
12	1	0	0	0	0	0	0	0	1	0	0	0	2	0	0	
13	1	0	0	0	0	0	1	0	0	0	0	0	0	0	0	
14	0	0	0	0	0	0	0	0	0	0	0	0	0	0	1	
Printing Matrix...
 	0	1	2	3	4	5	6	7	8	9	10	11	12	13	14	
0	8	0	0	0	0	0	1	3	3	1	0	0	0	0	1	
1	3	0	1	1	1	0	0	0	0	0	0	0	0	0	0	
2	2	0	2	0	0	0	1	1	0	0	0	0	0	0	0	
3	2	0	0	0	0	0	1	1	0	0	0	0	0	0	0	
4	1	0	0	0	2	0	0	1	0	0	0	0	0	0	0	
5	1	0	0	0	0	0	1	0	0	0	0	0	0	0	0	
6	2	0	0	0	0	0	1	0	1	0	0	0	0	0	1	
7	1	0	0	0	0	0	0	1	0	1	0	0	0	0	0	
8	0	0	0	0	0	0	0	0	1	0	0	0	0	0	0	
9	1	0	0	0	0	0	0	0	1	1	0	0	0	0	0	
10	2	0	0	0	0	0	1	0	0	0	0	0	0	0	1	
11	2	0	0	0	0	0	0	1	1	0	0	2	0	0	0	
12	1	0	0	0	0	0	0	0	1	0	0	0	0	0	0	
13	1	0	0	0	0	0	1	0	0	0	0	0	0	0	0	
14	0	0	0	0	0	0	0	0	0	0	0	0	0	0	1	
Starting Step 5
Finding next orphan
looping:1
looping:2
looping:3
looping:4
looping:5
looping:6
looping:7
looping:8
looping:9
looping:10
looping:11
looping:12
looping:13
looping:14
Printing OPEN LinkedList......
(-1, -1)->(4, 2)->(2, 3)->NULL
Starting Step 6
Next Proc:1
Removed Node:4, 2
procs used:3
=====TABLE START=====
Proc Used: 3  currentTime: 3
Time:	|1	|2	|3	|
Proc: 1 |1	|1	|11	|
Proc: 2 |5	|13	|3	|
Proc: 3 |10	|12	|12	|
=====TABLE END=====
Next Proc:2
Removed Node:2, 3
procs used:3
=====TABLE START=====
Proc Used: 3  currentTime: 3
Time:	|1	|2	|3	|
Proc: 1 |1	|1	|11	|
Proc: 2 |5	|13	|3	|
Proc: 3 |10	|12	|12	|
=====TABLE END=====
Next Proc:-1
=====TABLE START=====
Proc Used: 3  currentTime: 3
Time:	|1	|2	|3	|
Proc: 1 |1	|1	|11	|
Proc: 2 |5	|13	|3	|
Proc: 3 |10	|12	|12	|
=====TABLE END=====
Starting Step 9
Starting Step 7
Starting Step 8
Printing Matrix...
 	0	1	2	3	4	5	6	7	8	9	10	11	12	13	14	
0	8	0	0	0	0	0	1	3	3	1	0	0	0	0	1	
1	3	0	1	1	1	0	0	0	0	0	0	0	0	0	0	
2	2	0	2	0	0	0	1	1	0	0	0	0	0	0	0	
3	2	0	0	0	0	0	1	1	0	0	0	0	0	0	0	
4	1	0	0	0	2	0	0	1	0	0	0	0	0	0	0	
5	1	0	0	0	0	0	1	0	0	0	0	0	0	0	0	
6	2	0	0	0	0	0	1	0	1	0	0	0	0	0	1	
7	1	0	0	0	0	0	0	1	0	1	0	0	0	0	0	
8	0	0	0	0	0	0	0	0	1	0	0	0	0	0	0	
9	1	0	0	0	0	0	0	0	1	1	0	0	0	0	0	
10	2	0	0	0	0	0	1	0	0	0	0	0	0	0	1	
11	2	0	0	0	0	0	0	1	1	0	0	2	0	0	0	
12	1	0	0	0	0	0	0	0	1	0	0	0	0	0	0	
13	1	0	0	0	0	0	1	0	0	0	0	0	0	0	0	
14	0	0	0	0	0	0	0	0	0	0	0	0	0	0	1	
Printing Matrix...
 	0	1	2	3	4	5	6	7	8	9	10	11	12	13	14	
0	8	0	0	0	0	0	1	3	3	1	0	0	0	0	1	
1	3	0	1	1	1	0	0	0	0	0	0	0	0	0	0	
2	2	0	2	0	0	0	1	1	0	0	0	0	0	0	0	
3	2	0	0	0	0	0	1	1	0	0	0	0	0	0	0	
4	1	0	0	0	2	0	0	1	0	0	0	0	0	0	0	
5	1	0	0	0	0	0	1	0	0	0	0	0	0	0	0	
6	2	0	0	0	0	0	1	0	1	0	0	0	0	0	1	
7	1	0	0	0	0	0	0	1	0	1	0	0	0	0	0	
8	0	0	0	0	0	0	0	0	1	0	0	0	0	0	0	
9	1	0	0	0	0	0	0	0	1	1	0	0	0	0	0	
10	2	0	0	0	0	0	1	0	0	0	0	0	0	0	1	
11	2	0	0	0	0	0	0	1	1	0	0	2	0	0	0	
12	1	0	0	0	0	0	0	0	1	0	0	0	0	0	0	
13	1	0	0	0	0	0	1	0	0	0	0	0	0	0	0	
14	0	0	0	0	0	0	0	0	0	0	0	0	0	0	1	
Printing Matrix...
 	0	1	2	3	4	5	6	7	8	9	10	11	12	13	14	
0	8	0	0	0	0	0	1	3	3	1	0	0	0	0	1	
1	3	0	1	1	1	0	0	0	0	0	0	0	0	0	0	
2	2	0	2	0	0	0	1	1	0	0	0	0	0	0	0	
3	2	0	0	0	0	0	1	1	0	0	0	0	0	0	0	
4	1	0	0	0	2	0	0	1	0	0	0	0	0	0	0	
5	1	0	0	0	0	0	1	0	0	0	0	0	0	0	0	
6	2	0	0	0	0	0	1	0	1	0	0	0	0	0	1	
7	1	0	0	0	0	0	0	1	0	1	0	0	0	0	0	
8	0	0	0	0	0	0	0	0	1	0	0	0	0	0	0	
9	1	0	0	0	0	0	0	0	1	1	0	0	0	0	0	
10	2	0	0	0	0	0	1	0	0	0	0	0	0	0	1	
11	2	0	0	0	0	0	0	1	1	0	0	2	0	0	0	
12	1	0	0	0	0	0	0	0	1	0	0	0	0	0	0	
13	1	0	0	0	0	0	1	0	0	0	0	0	0	0	0	
14	0	0	0	0	0	0	0	0	0	0	0	0	0	0	1	
Starting Step 5
Finding next orphan
looping:1
looping:2
looping:3
looping:4
looping:5
looping:6
looping:7
looping:8
looping:9
looping:10
looping:11
looping:12
looping:13
looping:14
Printing OPEN LinkedList......
(-1, -1)->NULL
Starting Step 6
Next Proc:-1
=====TABLE START=====
Proc Used: 3  currentTime: 4
Time:	|1	|2	|3	|4	|
Proc: 1 |1	|1	|11	|11	|
Proc: 2 |5	|13	|3	|4	|
Proc: 3 |10	|12	|12	|2	|
=====TABLE END=====
Starting Step 9
Starting Step 7
Starting Step 8
Printing Matrix...
 	0	1	2	3	4	5	6	7	8	9	10	11	12	13	14	
0	8	0	0	0	0	0	1	3	3	1	0	0	0	0	1	
1	3	0	1	1	1	0	0	0	0	0	0	0	0	0	0	
2	2	0	2	0	0	0	1	1	0	0	0	0	0	0	0	
3	2	0	0	0	0	0	1	1	0	0	0	0	0	0	0	
4	1	0	0	0	2	0	0	1	0	0	0	0	0	0	0	
5	1	0	0	0	0	0	1	0	0	0	0	0	0	0	0	
6	2	0	0	0	0	0	1	0	1	0	0	0	0	0	1	
7	1	0	0	0	0	0	0	1	0	1	0	0	0	0	0	
8	0	0	0	0	0	0	0	0	1	0	0	0	0	0	0	
9	1	0	0	0	0	0	0	0	1	1	0	0	0	0	0	
10	2	0	0	0	0	0	1	0	0	0	0	0	0	0	1	
11	2	0	0	0	0	0	0	1	1	0	0	2	0	0	0	
12	1	0	0	0	0	0	0	0	1	0	0	0	0	0	0	
13	1	0	0	0	0	0	1	0	0	0	0	0	0	0	0	
14	0	0	0	0	0	0	0	0	0	0	0	0	0	0	1	
Printing Matrix...
 	0	1	2	3	4	5	6	7	8	9	10	11	12	13	14	
0	7	0	0	0	0	0	1	2	3	1	0	0	0	0	1	
1	3	0	1	1	1	0	0	0	0	0	0	0	0	0	0	
2	2	0	2	0	0	0	1	1	0	0	0	0	0	0	0	
3	2	0	0	0	0	0	1	1	0	0	0	0	0	0	0	
4	1	0	0	0	0	0	0	1	0	0	0	0	0	0	0	
5	1	0	0	0	0	0	1	0	0	0	0	0	0	0	0	
6	2	0	0	0	0	0	1	0	1	0	0	0	0	0	1	
7	1	0	0	0	0	0	0	1	0	1	0	0	0	0	0	
8	0	0	0	0	0	0	0	0	1	0	0	0	0	0	0	
9	1	0	0	0	0	0	0	0	1	1	0	0	0	0	0	
10	2	0	0	0	0	0	1	0	0	0	0	0	0	0	1	
11	2	0	0	0	0	0	0	1	1	0	0	2	0	0	0	
12	1	0	0	0	0	0	0	0	1	0	0	0	0	0	0	
13	1	0	0	0	0	0	1	0	0	0	0	0	0	0	0	
14	0	0	0	0	0	0	0	0	0	0	0	0	0	0	1	
Printing Matrix...
 	0	1	2	3	4	5	6	7	8	9	10	11	12	13	14	
0	7	0	0	0	0	0	1	2	3	1	0	0	0	0	1	
1	3	0	1	1	1	0	0	0	0	0	0	0	0	0	0	
2	2	0	2	0	0	0	1	1	0	0	0	0	0	0	0	
3	2	0	0	0	0	0	1	1	0	0	0	0	0	0	0	
4	1	0	0	0	0	0	0	1	0	0	0	0	0	0	0	
5	1	0	0	0	0	0	1	0	0	0	0	0	0	0	0	
6	2	0	0	0	0	0	1	0	1	0	0	0	0	0	1	
7	1	0	0	0	0	0	0	1	0	1	0	0	0	0	0	
8	0	0	0	0	0	0	0	0	1	0	0	0	0	0	0	
9	1	0	0	0	0	0	0	0	1	1	0	0	0	0	0	
10	2	0	0	0	0	0	1	0	0	0	0	0	0	0	1	
11	2	0	0	0	0	0	0	1	1	0	0	2	0	0	0	
12	1	0	0	0	0	0	0	0	1	0	0	0	0	0	0	
13	1	0	0	0	0	0	1	0	0	0	0	0	0	0	0	
14	0	0	0	0	0	0	0	0	0	0	0	0	0	0	1	
Starting Step 5
Finding next orphan
looping:1
looping:2
looping:3
looping:4
looping:5
looping:6
looping:7
looping:8
looping:9
looping:10
looping:11
looping:12
looping:13
looping:14
Printing OPEN LinkedList......
(-1, -1)->NULL
Starting Step 6
Next Proc:1
=====TABLE START=====
Proc Used: 3  currentTime: 5
Time:	|1	|2	|3	|4	|5	|
Proc: 1 |1	|1	|11	|11	|11	|
Proc: 2 |5	|13	|3	|4	|4	|
Proc: 3 |10	|12	|12	|2	|2	|
=====TABLE END=====
Starting Step 9
Starting Step 7
Starting Step 8
Printing Matrix...
 	0	1	2	3	4	5	6	7	8	9	10	11	12	13	14	
0	6	0	0	0	0	0	1	1	2	1	0	0	0	0	1	
1	3	0	1	1	1	0	0	0	0	0	0	0	0	0	0	
2	2	0	2	0	0	0	1	1	0	0	0	0	0	0	0	
3	2	0	0	0	0	0	1	1	0	0	0	0	0	0	0	
4	1	0	0	0	0	0	0	1	0	0	0	0	0	0	0	
5	1	0	0	0	0	0	1	0	0	0	0	0	0	0	0	
6	2	0	0	0	0	0	1	0	1	0	0	0	0	0	1	
7	1	0	0	0	0	0	0	1	0	1	0	0	0	0	0	
8	0	0	0	0	0	0	0	0	1	0	0	0	0	0	0	
9	1	0	0	0	0	0	0	0	1	1	0	0	0	0	0	
10	2	0	0	0	0	0	1	0	0	0	0	0	0	0	1	
11	2	0	0	0	0	0	0	1	1	0	0	0	0	0	0	
12	1	0	0	0	0	0	0	0	1	0	0	0	0	0	0	
13	1	0	0	0	0	0	1	0	0	0	0	0	0	0	0	
14	0	0	0	0	0	0	0	0	0	0	0	0	0	0	1	
Printing Matrix...
 	0	1	2	3	4	5	6	7	8	9	10	11	12	13	14	
0	6	0	0	0	0	0	1	1	2	1	0	0	0	0	1	
1	3	0	1	1	1	0	0	0	0	0	0	0	0	0	0	
2	2	0	2	0	0	0	1	1	0	0	0	0	0	0	0	
3	2	0	0	0	0	0	1	1	0	0	0	0	0	0	0	
4	1	0	0	0	0	0	0	1	0	0	0	0	0	0	0	
5	1	0	0	0	0	0	1	0	0	0	0	0	0	0	0	
6	2	0	0	0	0	0	1	0	1	0	0	0	0	0	1	
7	1	0	0	0	0	0	0	1	0	1	0	0	0	0	0	
8	0	0	0	0	0	0	0	0	1	0	0	0	0	0	0	
9	1	0	0	0	0	0	0	0	1	1	0	0	0	0	0	
10	2	0	0	0	0	0	1	0	0	0	0	0	0	0	1	
11	2	0	0	0	0	0	0	1	1	0	0	0	0	0	0	
12	1	0	0	0	0	0	0	0	1	0	0	0	0	0	0	
13	1	0	0	0	0	0	1	0	0	0	0	0	0	0	0	
14	0	0	0	0	0	0	0	0	0	0	0	0	0	0	1	
Printing Matrix...
 	0	1	2	3	4	5	6	7	8	9	10	11	12	13	14	
0	5	0	0	0	0	0	0	0	2	1	0	0	0	0	1	
1	3	0	1	1	1	0	0	0	0	0	0	0	0	0	0	
2	2	0	0	0	0	0	1	1	0	0	0	0	0	0	0	
3	2	0	0	0	0	0	1	1	0	0	0	0	0	0	0	
4	1	0	0	0	0	0	0	1	0	0	0	0	0	0	0	
5	1	0	0	0	0	0	1	0	0	0	0	0	0	0	0	
6	2	0	0	0	0	0	1	0	1	0	0	0	0	0	1	
7	1	0	0	0	0	0	0	1	0	1	0	0	0	0	0	
8	0	0	0	0	0	0	0	0	1	0	0	0	0	0	0	
9	1	0	0	0	0	0	0	0	1	1	0	0	0	0	0	
10	2	0	0	0	0	0	1	0	0	0	0	0	0	0	1	
11	2	0	0	0	0	0	0	1	1	0	0	0	0	0	0	
12	1	0	0	0	0	0	0	0	1	0	0	0	0	0	0	
13	1	0	0	0	0	0	1	0	0	0	0	0	0	0	0	
14	0	0	0	0	0	0	0	0	0	0	0	0	0	0	1	
Starting Step 5
Finding next orphan
looping:1
looping:2
looping:3
looping:4
looping:5
looping:6
found
fillOpen new node: 6, 3
Printing OPEN LinkedList......
(-1, -1)->(6, 3)->NULL
Printing Matrix...
 	0	1	2	3	4	5	6	7	8	9	10	11	12	13	14	
0	5	0	0	0	0	0	0	0	2	1	0	0	0	0	1	
1	3	0	1	1	1	0	0	0	0	0	0	0	0	0	0	
2	2	0	0	0	0	0	1	1	0	0	0	0	0	0	0	
3	2	0	0	0	0	0	1	1	0	0	0	0	0	0	0	
4	1	0	0	0	0	0	0	1	0	0	0	0	0	0	0	
5	1	0	0	0	0	0	1	0	0	0	0	0	0	0	0	
6	2	0	0	0	0	0	2	0	1	0	0	0	0	0	1	
7	1	0	0	0	0	0	0	1	0	1	0	0	0	0	0	
8	0	0	0	0	0	0	0	0	1	0	0	0	0	0	0	
9	1	0	0	0	0	0	0	0	1	1	0	0	0	0	0	
10	2	0	0	0	0	0	1	0	0	0	0	0	0	0	1	
11	2	0	0	0	0	0	0	1	1	0	0	0	0	0	0	
12	1	0	0	0	0	0	0	0	1	0	0	0	0	0	0	
13	1	0	0	0	0	0	1	0	0	0	0	0	0	0	0	
14	0	0	0	0	0	0	0	0	0	0	0	0	0	0	1	
Finding next orphan
looping:1
looping:2
looping:3
looping:4
looping:5
looping:6
looping:7
found
fillOpen new node: 7, 1
Printing OPEN LinkedList......
(-1, -1)->(6, 3)->(7, 1)->NULL
Printing Matrix...
 	0	1	2	3	4	5	6	7	8	9	10	11	12	13	14	
0	5	0	0	0	0	0	0	0	2	1	0	0	0	0	1	
1	3	0	1	1	1	0	0	0	0	0	0	0	0	0	0	
2	2	0	0	0	0	0	1	1	0	0	0	0	0	0	0	
3	2	0	0	0	0	0	1	1	0	0	0	0	0	0	0	
4	1	0	0	0	0	0	0	1	0	0	0	0	0	0	0	
5	1	0	0	0	0	0	1	0	0	0	0	0	0	0	0	
6	2	0	0	0	0	0	2	0	1	0	0	0	0	0	1	
7	1	0	0	0	0	0	0	2	0	1	0	0	0	0	0	
8	0	0	0	0	0	0	0	0	1	0	0	0	0	0	0	
9	1	0	0	0	0	0	0	0	1	1	0	0	0	0	0	
10	2	0	0	0	0	0	1	0	0	0	0	0	0	0	1	
11	2	0	0	0	0	0	0	1	1	0	0	0	0	0	0	
12	1	0	0	0	0	0	0	0	1	0	0	0	0	0	0	
13	1	0	0	0	0	0	1	0	0	0	0	0	0	0	0	
14	0	0	0	0	0	0	0	0	0	0	0	0	0	0	1	
Finding next orphan
looping:1
looping:2
looping:3
looping:4
looping:5
looping:6
looping:7
looping:8
looping:9
looping:10
looping:11
looping:12
looping:13
looping:14
Printing OPEN LinkedList......
(-1, -1)->(6, 3)->(7, 1)->NULL
Starting Step 6
Next Proc:0
Removed Node:6, 3
procs used:3
=====TABLE START=====
Proc Used: 3  currentTime: 6
Time:	|1	|2	|3	|4	|5	|6	|
Proc: 1 |1	|1	|11	|11	|11	|11	|
Proc: 2 |5	|13	|3	|4	|4	|0	|
Proc: 3 |10	|12	|12	|2	|2	|2	|
=====TABLE END=====
Next Proc:1
Removed Node:7, 1
procs used:3
=====TABLE START=====
Proc Used: 3  currentTime: 6
Time:	|1	|2	|3	|4	|5	|6	|
Proc: 1 |1	|1	|11	|11	|11	|11	|
Proc: 2 |5	|13	|3	|4	|4	|0	|
Proc: 3 |10	|12	|12	|2	|2	|2	|
=====TABLE END=====
Next Proc:2
=====TABLE START=====
Proc Used: 3  currentTime: 6
Time:	|1	|2	|3	|4	|5	|6	|
Proc: 1 |1	|1	|11	|11	|11	|11	|
Proc: 2 |5	|13	|3	|4	|4	|0	|
Proc: 3 |10	|12	|12	|2	|2	|2	|
=====TABLE END=====
Starting Step 9
Starting Step 7
Starting Step 8
Printing Matrix...
 	0	1	2	3	4	5	6	7	8	9	10	11	12	13	14	
0	5	0	0	0	0	0	0	0	2	1	0	0	0	0	1	
1	3	0	1	1	1	0	0	0	0	0	0	0	0	0	0	
2	2	0	0	0	0	0	1	1	0	0	0	0	0	0	0	
3	2	0	0	0	0	0	1	1	0	0	0	0	0	0	0	
4	1	0	0	0	0	0	0	1	0	0	0	0	0	0	0	
5	1	0	0	0	0	0	1	0	0	0	0	0	0	0	0	
6	2	0	0	0	0	0	2	0	1	0	0	0	0	0	1	
7	1	0	0	0	0	0	0	2	0	1	0	0	0	0	0	
8	0	0	0	0	0	0	0	0	1	0	0	0	0	0	0	
9	1	0	0	0	0	0	0	0	1	1	0	0	0	0	0	
10	2	0	0	0	0	0	1	0	0	0	0	0	0	0	1	
11	2	0	0	0	0	0	0	1	1	0	0	0	0	0	0	
12	1	0	0	0	0	0	0	0	1	0	0	0	0	0	0	
13	1	0	0	0	0	0	1	0	0	0	0	0	0	0	0	
14	0	0	0	0	0	0	0	0	0	0	0	0	0	0	1	
Printing Matrix...
 	0	1	2	3	4	5	6	7	8	9	10	11	12	13	14	
0	4	0	0	0	0	0	0	0	2	0	0	0	0	0	1	
1	3	0	1	1	1	0	0	0	0	0	0	0	0	0	0	
2	2	0	0	0	0	0	1	1	0	0	0	0	0	0	0	
3	2	0	0	0	0	0	1	1	0	0	0	0	0	0	0	
4	1	0	0	0	0	0	0	1	0	0	0	0	0	0	0	
5	1	0	0	0	0	0	1	0	0	0	0	0	0	0	0	
6	2	0	0	0	0	0	2	0	1	0	0	0	0	0	1	
7	1	0	0	0	0	0	0	0	0	1	0	0	0	0	0	
8	0	0	0	0	0	0	0	0	1	0	0	0	0	0	0	
9	1	0	0	0	0	0	0	0	1	1	0	0	0	0	0	
10	2	0	0	0	0	0	1	0	0	0	0	0	0	0	1	
11	2	0	0	0	0	0	0	1	1	0	0	0	0	0	0	
12	1	0	0	0	0	0	0	0	1	0	0	0	0	0	0	
13	1	0	0	0	0	0	1	0	0	0	0	0	0	0	0	
14	0	0	0	0	0	0	0	0	0	0	0	0	0	0	1	
Printing Matrix...
 	0	1	2	3	4	5	6	7	8	9	10	11	12	13	14	
0	4	0	0	0	0	0	0	0	2	0	0	0	0	0	1	
1	3	0	1	1	1	0	0	0	0	0	0	0	0	0	0	
2	2	0	0	0	0	0	1	1	0	0	0	0	0	0	0	
3	2	0	0	0	0	0	1	1	0	0	0	0	0	0	0	
4	1	0	0	0	0	0	0	1	0	0	0	0	0	0	0	
5	1	0	0	0	0	0	1	0	0	0	0	0	0	0	0	
6	2	0	0	0	0	0	2	0	1	0	0	0	0	0	1	
7	1	0	0	0	0	0	0	0	0	1	0	0	0	0	0	
8	0	0	0	0	0	0	0	0	1	0	0	0	0	0	0	
9	1	0	0	0	0	0	0	0	1	1	0	0	0	0	0	
10	2	0	0	0	0	0	1	0	0	0	0	0	0	0	1	
11	2	0	0	0	0	0	0	1	1	0	0	0	0	0	0	
12	1	0	0	0	0	0	0	0	1	0	0	0	0	0	0	
13	1	0	0	0	0	0	1	0	0	0	0	0	0	0	0	
14	0	0	0	0	0	0	0	0	0	0	0	0	0	0	1	
Starting Step 5
Finding next orphan
looping:1
looping:2
looping:3
looping:4
looping:5
looping:6
looping:7
looping:8
looping:9
found
fillOpen new node: 9, 3
Printing OPEN LinkedList......
(-1, -1)->(9, 3)->NULL
Printing Matrix...
 	0	1	2	3	4	5	6	7	8	9	10	11	12	13	14	
0	4	0	0	0	0	0	0	0	2	0	0	0	0	0	1	
1	3	0	1	1	1	0	0	0	0	0	0	0	0	0	0	
2	2	0	0	0	0	0	1	1	0	0	0	0	0	0	0	
3	2	0	0	0	0	0	1	1	0	0	0	0	0	0	0	
4	1	0	0	0	0	0	0	1	0	0	0	0	0	0	0	
5	1	0	0	0	0	0	1	0	0	0	0	0	0	0	0	
6	2	0	0	0	0	0	2	0	1	0	0	0	0	0	1	
7	1	0	0	0	0	0	0	0	0	1	0	0	0	0	0	
8	0	0	0	0	0	0	0	0	1	0	0	0	0	0	0	
9	1	0	0	0	0	0	0	0	1	2	0	0	0	0	0	
10	2	0	0	0	0	0	1	0	0	0	0	0	0	0	1	
11	2	0	0	0	0	0	0	1	1	0	0	0	0	0	0	
12	1	0	0	0	0	0	0	0	1	0	0	0	0	0	0	
13	1	0	0	0	0	0	1	0	0	0	0	0	0	0	0	
14	0	0	0	0	0	0	0	0	0	0	0	0	0	0	1	
Finding next orphan
looping:1
looping:2
looping:3
looping:4
looping:5
looping:6
looping:7
looping:8
looping:9
looping:10
looping:11
looping:12
looping:13
looping:14
Printing OPEN LinkedList......
(-1, -1)->(9, 3)->NULL
Starting Step 6
Next Proc:1
Removed Node:9, 3
procs used:3
=====TABLE START=====
Proc Used: 3  currentTime: 7
Time:	|1	|2	|3	|4	|5	|6	|7	|
Proc: 1 |1	|1	|11	|11	|11	|11	|6	|
Proc: 2 |5	|13	|3	|4	|4	|0	|7	|
Proc: 3 |10	|12	|12	|2	|2	|2	|0	|
=====TABLE END=====
Next Proc:2
=====TABLE START=====
Proc Used: 3  currentTime: 7
Time:	|1	|2	|3	|4	|5	|6	|7	|
Proc: 1 |1	|1	|11	|11	|11	|11	|6	|
Proc: 2 |5	|13	|3	|4	|4	|0	|7	|
Proc: 3 |10	|12	|12	|2	|2	|2	|0	|
=====TABLE END=====
Starting Step 9
Starting Step 7
Starting Step 8
Printing Matrix...
 	0	1	2	3	4	5	6	7	8	9	10	11	12	13	14	
0	4	0	0	0	0	0	0	0	2	0	0	0	0	0	1	
1	3	0	1	1	1	0	0	0	0	0	0	0	0	0	0	
2	2	0	0	0	0	0	1	1	0	0	0	0	0	0	0	
3	2	0	0	0	0	0	1	1	0	0	0	0	0	0	0	
4	1	0	0	0	0	0	0	1	0	0	0	0	0	0	0	
5	1	0	0	0	0	0	1	0	0	0	0	0	0	0	0	
6	2	0	0	0	0	0	2	0	1	0	0	0	0	0	1	
7	1	0	0	0	0	0	0	0	0	1	0	0	0	0	0	
8	0	0	0	0	0	0	0	0	1	0	0	0	0	0	0	
9	1	0	0	0	0	0	0	0	1	2	0	0	0	0	0	
10	2	0	0	0	0	0	1	0	0	0	0	0	0	0	1	
11	2	0	0	0	0	0	0	1	1	0	0	0	0	0	0	
12	1	0	0	0	0	0	0	0	1	0	0	0	0	0	0	
13	1	0	0	0	0	0	1	0	0	0	0	0	0	0	0	
14	0	0	0	0	0	0	0	0	0	0	0	0	0	0	1	
Printing Matrix...
 	0	1	2	3	4	5	6	7	8	9	10	11	12	13	14	
0	4	0	0	0	0	0	0	0	2	0	0	0	0	0	1	
1	3	0	1	1	1	0	0	0	0	0	0	0	0	0	0	
2	2	0	0	0	0	0	1	1	0	0	0	0	0	0	0	
3	2	0	0	0	0	0	1	1	0	0	0	0	0	0	0	
4	1	0	0	0	0	0	0	1	0	0	0	0	0	0	0	
5	1	0	0	0	0	0	1	0	0	0	0	0	0	0	0	
6	2	0	0	0	0	0	2	0	1	0	0	0	0	0	1	
7	1	0	0	0	0	0	0	0	0	1	0	0	0	0	0	
8	0	0	0	0	0	0	0	0	1	0	0	0	0	0	0	
9	1	0	0	0	0	0	0	0	1	2	0	0	0	0	0	
10	2	0	0	0	0	0	1	0	0	0	0	0	0	0	1	
11	2	0	0	0	0	0	0	1	1	0	0	0	0	0	0	
12	1	0	0	0	0	0	0	0	1	0	0	0	0	0	0	
13	1	0	0	0	0	0	1	0	0	0	0	0	0	0	0	
14	0	0	0	0	0	0	0	0	0	0	0	0	0	0	1	
Printing Matrix...
 	0	1	2	3	4	5	6	7	8	9	10	11	12	13	14	
0	4	0	0	0	0	0	0	0	2	0	0	0	0	0	1	
1	3	0	1	1	1	0	0	0	0	0	0	0	0	0	0	
2	2	0	0	0	0	0	1	1	0	0	0	0	0	0	0	
3	2	0	0	0	0	0	1	1	0	0	0	0	0	0	0	
4	1	0	0	0	0	0	0	1	0	0	0	0	0	0	0	
5	1	0	0	0	0	0	1	0	0	0	0	0	0	0	0	
6	2	0	0	0	0	0	2	0	1	0	0	0	0	0	1	
7	1	0	0	0	0	0	0	0	0	1	0	0	0	0	0	
8	0	0	0	0	0	0	0	0	1	0	0	0	0	0	0	
9	1	0	0	0	0	0	0	0	1	2	0	0	0	0	0	
10	2	0	0	0	0	0	1	0	0	0	0	0	0	0	1	
11	2	0	0	0	0	0	0	1	1	0	0	0	0	0	0	
12	1	0	0	0	0	0	0	0	1	0	0	0	0	0	0	
13	1	0	0	0	0	0	1	0	0	0	0	0	0	0	0	
14	0	0	0	0	0	0	0	0	0	0	0	0	0	0	1	
Starting Step 5
Finding next orphan
looping:1
looping:2
looping:3
looping:4
looping:5
looping:6
looping:7
looping:8
looping:9
looping:10
looping:11
looping:12
looping:13
looping:14
Printing OPEN LinkedList......
(-1, -1)->NULL
Starting Step 6
Next Proc:2
=====TABLE START=====
Proc Used: 3  currentTime: 8
Time:	|1	|2	|3	|4	|5	|6	|7	|8	|
Proc: 1 |1	|1	|11	|11	|11	|11	|6	|6	|
Proc: 2 |5	|13	|3	|4	|4	|0	|7	|9	|
Proc: 3 |10	|12	|12	|2	|2	|2	|0	|0	|
=====TABLE END=====
Starting Step 9
Starting Step 7
Starting Step 8
Printing Matrix...
 	0	1	2	3	4	5	6	7	8	9	10	11	12	13	14	
0	3	0	0	0	0	0	0	0	1	0	0	0	0	0	0	
1	3	0	1	1	1	0	0	0	0	0	0	0	0	0	0	
2	2	0	0	0	0	0	1	1	0	0	0	0	0	0	0	
3	2	0	0	0	0	0	1	1	0	0	0	0	0	0	0	
4	1	0	0	0	0	0	0	1	0	0	0	0	0	0	0	
5	1	0	0	0	0	0	1	0	0	0	0	0	0	0	0	
6	2	0	0	0	0	0	0	0	1	0	0	0	0	0	1	
7	1	0	0	0	0	0	0	0	0	1	0	0	0	0	0	
8	0	0	0	0	0	0	0	0	1	0	0	0	0	0	0	
9	1	0	0	0	0	0	0	0	1	2	0	0	0	0	0	
10	2	0	0	0	0	0	1	0	0	0	0	0	0	0	1	
11	2	0	0	0	0	0	0	1	1	0	0	0	0	0	0	
12	1	0	0	0	0	0	0	0	1	0	0	0	0	0	0	
13	1	0	0	0	0	0	1	0	0	0	0	0	0	0	0	
14	0	0	0	0	0	0	0	0	0	0	0	0	0	0	1	
Printing Matrix...
 	0	1	2	3	4	5	6	7	8	9	10	11	12	13	14	
0	3	0	0	0	0	0	0	0	1	0	0	0	0	0	0	
1	3	0	1	1	1	0	0	0	0	0	0	0	0	0	0	
2	2	0	0	0	0	0	1	1	0	0	0	0	0	0	0	
3	2	0	0	0	0	0	1	1	0	0	0	0	0	0	0	
4	1	0	0	0	0	0	0	1	0	0	0	0	0	0	0	
5	1	0	0	0	0	0	1	0	0	0	0	0	0	0	0	
6	2	0	0	0	0	0	0	0	1	0	0	0	0	0	1	
7	1	0	0	0	0	0	0	0	0	1	0	0	0	0	0	
8	0	0	0	0	0	0	0	0	1	0	0	0	0	0	0	
9	1	0	0	0	0	0	0	0	1	2	0	0	0	0	0	
10	2	0	0	0	0	0	1	0	0	0	0	0	0	0	1	
11	2	0	0	0	0	0	0	1	1	0	0	0	0	0	0	
12	1	0	0	0	0	0	0	0	1	0	0	0	0	0	0	
13	1	0	0	0	0	0	1	0	0	0	0	0	0	0	0	
14	0	0	0	0	0	0	0	0	0	0	0	0	0	0	1	
Printing Matrix...
 	0	1	2	3	4	5	6	7	8	9	10	11	12	13	14	
0	3	0	0	0	0	0	0	0	1	0	0	0	0	0	0	
1	3	0	1	1	1	0	0	0	0	0	0	0	0	0	0	
2	2	0	0	0	0	0	1	1	0	0	0	0	0	0	0	
3	2	0	0	0	0	0	1	1	0	0	0	0	0	0	0	
4	1	0	0	0	0	0	0	1	0	0	0	0	0	0	0	
5	1	0	0	0	0	0	1	0	0	0	0	0	0	0	0	
6	2	0	0	0	0	0	0	0	1	0	0	0	0	0	1	
7	1	0	0	0	0	0	0	0	0	1	0	0	0	0	0	
8	0	0	0	0	0	0	0	0	1	0	0	0	0	0	0	
9	1	0	0	0	0	0	0	0	1	2	0	0	0	0	0	
10	2	0	0	0	0	0	1	0	0	0	0	0	0	0	1	
11	2	0	0	0	0	0	0	1	1	0	0	0	0	0	0	
12	1	0	0	0	0	0	0	0	1	0	0	0	0	0	0	
13	1	0	0	0	0	0	1	0	0	0	0	0	0	0	0	
14	0	0	0	0	0	0	0	0	0	0	0	0	0	0	1	
Starting Step 5
Finding next orphan
looping:1
looping:2
looping:3
looping:4
looping:5
looping:6
looping:7
looping:8
looping:9
looping:10
looping:11
looping:12
looping:13
looping:14
found
fillOpen new node: 14, 2
Printing OPEN LinkedList......
(-1, -1)->(14, 2)->NULL
Printing Matrix...
 	0	1	2	3	4	5	6	7	8	9	10	11	12	13	14	
0	3	0	0	0	0	0	0	0	1	0	0	0	0	0	0	
1	3	0	1	1	1	0	0	0	0	0	0	0	0	0	0	
2	2	0	0	0	0	0	1	1	0	0	0	0	0	0	0	
3	2	0	0	0	0	0	1	1	0	0	0	0	0	0	0	
4	1	0	0	0	0	0	0	1	0	0	0	0	0	0	0	
5	1	0	0	0	0	0	1	0	0	0	0	0	0	0	0	
6	2	0	0	0	0	0	0	0	1	0	0	0	0	0	1	
7	1	0	0	0	0	0	0	0	0	1	0	0	0	0	0	
8	0	0	0	0	0	0	0	0	1	0	0	0	0	0	0	
9	1	0	0	0	0	0	0	0	1	2	0	0	0	0	0	
10	2	0	0	0	0	0	1	0	0	0	0	0	0	0	1	
11	2	0	0	0	0	0	0	1	1	0	0	0	0	0	0	
12	1	0	0	0	0	0	0	0	1	0	0	0	0	0	0	
13	1	0	0	0	0	0	1	0	0	0	0	0	0	0	0	
14	0	0	0	0	0	0	0	0	0	0	0	0	0	0	2	
Finding next orphan
looping:1
looping:2
looping:3
looping:4
looping:5
looping:6
looping:7
looping:8
looping:9
looping:10
looping:11
looping:12
looping:13
looping:14
Printing OPEN LinkedList......
(-1, -1)->(14, 2)->NULL
Starting Step 6
Next Proc:0
Removed Node:14, 2
procs used:3
=====TABLE START=====
Proc Used: 3  currentTime: 9
Time:	|1	|2	|3	|4	|5	|6	|7	|8	|9	|
Proc: 1 |1	|1	|11	|11	|11	|11	|6	|6	|6	|
Proc: 2 |5	|13	|3	|4	|4	|0	|7	|9	|9	|
Proc: 3 |10	|12	|12	|2	|2	|2	|0	|0	|0	|
=====TABLE END=====
Next Proc:2
=====TABLE START=====
Proc Used: 3  currentTime: 9
Time:	|1	|2	|3	|4	|5	|6	|7	|8	|9	|
Proc: 1 |1	|1	|11	|11	|11	|11	|6	|6	|6	|
Proc: 2 |5	|13	|3	|4	|4	|0	|7	|9	|9	|
Proc: 3 |10	|12	|12	|2	|2	|2	|0	|0	|0	|
=====TABLE END=====
Starting Step 9
Starting Step 7
Starting Step 8
Printing Matrix...
 	0	1	2	3	4	5	6	7	8	9	10	11	12	13	14	
0	3	0	0	0	0	0	0	0	1	0	0	0	0	0	0	
1	3	0	1	1	1	0	0	0	0	0	0	0	0	0	0	
2	2	0	0	0	0	0	1	1	0	0	0	0	0	0	0	
3	2	0	0	0	0	0	1	1	0	0	0	0	0	0	0	
4	1	0	0	0	0	0	0	1	0	0	0	0	0	0	0	
5	1	0	0	0	0	0	1	0	0	0	0	0	0	0	0	
6	2	0	0	0	0	0	0	0	1	0	0	0	0	0	1	
7	1	0	0	0	0	0	0	0	0	1	0	0	0	0	0	
8	0	0	0	0	0	0	0	0	1	0	0	0	0	0	0	
9	1	0	0	0	0	0	0	0	1	2	0	0	0	0	0	
10	2	0	0	0	0	0	1	0	0	0	0	0	0	0	1	
11	2	0	0	0	0	0	0	1	1	0	0	0	0	0	0	
12	1	0	0	0	0	0	0	0	1	0	0	0	0	0	0	
13	1	0	0	0	0	0	1	0	0	0	0	0	0	0	0	
14	0	0	0	0	0	0	0	0	0	0	0	0	0	0	2	
Printing Matrix...
 	0	1	2	3	4	5	6	7	8	9	10	11	12	13	14	
0	2	0	0	0	0	0	0	0	0	0	0	0	0	0	0	
1	3	0	1	1	1	0	0	0	0	0	0	0	0	0	0	
2	2	0	0	0	0	0	1	1	0	0	0	0	0	0	0	
3	2	0	0	0	0	0	1	1	0	0	0	0	0	0	0	
4	1	0	0	0	0	0	0	1	0	0	0	0	0	0	0	
5	1	0	0	0	0	0	1	0	0	0	0	0	0	0	0	
6	2	0	0	0	0	0	0	0	1	0	0	0	0	0	1	
7	1	0	0	0	0	0	0	0	0	1	0	0	0	0	0	
8	0	0	0	0	0	0	0	0	1	0	0	0	0	0	0	
9	1	0	0	0	0	0	0	0	1	0	0	0	0	0	0	
10	2	0	0	0	0	0	1	0	0	0	0	0	0	0	1	
11	2	0	0	0	0	0	0	1	1	0	0	0	0	0	0	
12	1	0	0	0	0	0	0	0	1	0	0	0	0	0	0	
13	1	0	0	0	0	0	1	0	0	0	0	0	0	0	0	
14	0	0	0	0	0	0	0	0	0	0	0	0	0	0	2	
Printing Matrix...
 	0	1	2	3	4	5	6	7	8	9	10	11	12	13	14	
0	2	0	0	0	0	0	0	0	0	0	0	0	0	0	0	
1	3	0	1	1	1	0	0	0	0	0	0	0	0	0	0	
2	2	0	0	0	0	0	1	1	0	0	0	0	0	0	0	
3	2	0	0	0	0	0	1	1	0	0	0	0	0	0	0	
4	1	0	0	0	0	0	0	1	0	0	0	0	0	0	0	
5	1	0	0	0	0	0	1	0	0	0	0	0	0	0	0	
6	2	0	0	0	0	0	0	0	1	0	0	0	0	0	1	
7	1	0	0	0	0	0	0	0	0	1	0	0	0	0	0	
8	0	0	0	0	0	0	0	0	1	0	0	0	0	0	0	
9	1	0	0	0	0	0	0	0	1	0	0	0	0	0	0	
10	2	0	0	0	0	0	1	0	0	0	0	0	0	0	1	
11	2	0	0	0	0	0	0	1	1	0	0	0	0	0	0	
12	1	0	0	0	0	0	0	0	1	0	0	0	0	0	0	
13	1	0	0	0	0	0	1	0	0	0	0	0	0	0	0	
14	0	0	0	0	0	0	0	0	0	0	0	0	0	0	2	
Starting Step 5
Finding next orphan
looping:1
looping:2
looping:3
looping:4
looping:5
looping:6
looping:7
looping:8
found
fillOpen new node: 8, 2
Printing OPEN LinkedList......
(-1, -1)->(8, 2)->NULL
Printing Matrix...
 	0	1	2	3	4	5	6	7	8	9	10	11	12	13	14	
0	2	0	0	0	0	0	0	0	0	0	0	0	0	0	0	
1	3	0	1	1	1	0	0	0	0	0	0	0	0	0	0	
2	2	0	0	0	0	0	1	1	0	0	0	0	0	0	0	
3	2	0	0	0	0	0	1	1	0	0	0	0	0	0	0	
4	1	0	0	0	0	0	0	1	0	0	0	0	0	0	0	
5	1	0	0	0	0	0	1	0	0	0	0	0	0	0	0	
6	2	0	0	0	0	0	0	0	1	0	0	0	0	0	1	
7	1	0	0	0	0	0	0	0	0	1	0	0	0	0	0	
8	0	0	0	0	0	0	0	0	2	0	0	0	0	0	0	
9	1	0	0	0	0	0	0	0	1	0	0	0	0	0	0	
10	2	0	0	0	0	0	1	0	0	0	0	0	0	0	1	
11	2	0	0	0	0	0	0	1	1	0	0	0	0	0	0	
12	1	0	0	0	0	0	0	0	1	0	0	0	0	0	0	
13	1	0	0	0	0	0	1	0	0	0	0	0	0	0	0	
14	0	0	0	0	0	0	0	0	0	0	0	0	0	0	2	
Finding next orphan
looping:1
looping:2
looping:3
looping:4
looping:5
looping:6
looping:7
looping:8
looping:9
looping:10
looping:11
looping:12
looping:13
looping:14
Printing OPEN LinkedList......
(-1, -1)->(8, 2)->NULL
Starting Step 6
Next Proc:1
Removed Node:8, 2
procs used:3
=====TABLE START=====
Proc Used: 3  currentTime: 10
Time:	|1	|2	|3	|4	|5	|6	|7	|8	|9	|10	|
Proc: 1 |1	|1	|11	|11	|11	|11	|6	|6	|6	|14	|
Proc: 2 |5	|13	|3	|4	|4	|0	|7	|9	|9	|9	|
Proc: 3 |10	|12	|12	|2	|2	|2	|0	|0	|0	|0	|
=====TABLE END=====
Next Proc:2
=====TABLE START=====
Proc Used: 3  currentTime: 10
Time:	|1	|2	|3	|4	|5	|6	|7	|8	|9	|10	|
Proc: 1 |1	|1	|11	|11	|11	|11	|6	|6	|6	|14	|
Proc: 2 |5	|13	|3	|4	|4	|0	|7	|9	|9	|9	|
Proc: 3 |10	|12	|12	|2	|2	|2	|0	|0	|0	|0	|
=====TABLE END=====
Starting Step 9
Starting Step 7
Starting Step 8
Printing Matrix...
 	0	1	2	3	4	5	6	7	8	9	10	11	12	13	14	
0	1	0	0	0	0	0	0	0	0	0	0	0	0	0	0	
1	3	0	1	1	1	0	0	0	0	0	0	0	0	0	0	
2	2	0	0	0	0	0	1	1	0	0	0	0	0	0	0	
3	2	0	0	0	0	0	1	1	0	0	0	0	0	0	0	
4	1	0	0	0	0	0	0	1	0	0	0	0	0	0	0	
5	1	0	0	0	0	0	1	0	0	0	0	0	0	0	0	
6	2	0	0	0	0	0	0	0	1	0	0	0	0	0	1	
7	1	0	0	0	0	0	0	0	0	1	0	0	0	0	0	
8	0	0	0	0	0	0	0	0	2	0	0	0	0	0	0	
9	1	0	0	0	0	0	0	0	1	0	0	0	0	0	0	
10	2	0	0	0	0	0	1	0	0	0	0	0	0	0	1	
11	2	0	0	0	0	0	0	1	1	0	0	0	0	0	0	
12	1	0	0	0	0	0	0	0	1	0	0	0	0	0	0	
13	1	0	0	0	0	0	1	0	0	0	0	0	0	0	0	
14	0	0	0	0	0	0	0	0	0	0	0	0	0	0	0	
Printing Matrix...
 	0	1	2	3	4	5	6	7	8	9	10	11	12	13	14	
0	1	0	0	0	0	0	0	0	0	0	0	0	0	0	0	
1	3	0	1	1	1	0	0	0	0	0	0	0	0	0	0	
2	2	0	0	0	0	0	1	1	0	0	0	0	0	0	0	
3	2	0	0	0	0	0	1	1	0	0	0	0	0	0	0	
4	1	0	0	0	0	0	0	1	0	0	0	0	0	0	0	
5	1	0	0	0	0	0	1	0	0	0	0	0	0	0	0	
6	2	0	0	0	0	0	0	0	1	0	0	0	0	0	1	
7	1	0	0	0	0	0	0	0	0	1	0	0	0	0	0	
8	0	0	0	0	0	0	0	0	2	0	0	0	0	0	0	
9	1	0	0	0	0	0	0	0	1	0	0	0	0	0	0	
10	2	0	0	0	0	0	1	0	0	0	0	0	0	0	1	
11	2	0	0	0	0	0	0	1	1	0	0	0	0	0	0	
12	1	0	0	0	0	0	0	0	1	0	0	0	0	0	0	
13	1	0	0	0	0	0	1	0	0	0	0	0	0	0	0	
14	0	0	0	0	0	0	0	0	0	0	0	0	0	0	0	
Printing Matrix...
 	0	1	2	3	4	5	6	7	8	9	10	11	12	13	14	
0	1	0	0	0	0	0	0	0	0	0	0	0	0	0	0	
1	3	0	1	1	1	0	0	0	0	0	0	0	0	0	0	
2	2	0	0	0	0	0	1	1	0	0	0	0	0	0	0	
3	2	0	0	0	0	0	1	1	0	0	0	0	0	0	0	
4	1	0	0	0	0	0	0	1	0	0	0	0	0	0	0	
5	1	0	0	0	0	0	1	0	0	0	0	0	0	0	0	
6	2	0	0	0	0	0	0	0	1	0	0	0	0	0	1	
7	1	0	0	0	0	0	0	0	0	1	0	0	0	0	0	
8	0	0	0	0	0	0	0	0	2	0	0	0	0	0	0	
9	1	0	0	0	0	0	0	0	1	0	0	0	0	0	0	
10	2	0	0	0	0	0	1	0	0	0	0	0	0	0	1	
11	2	0	0	0	0	0	0	1	1	0	0	0	0	0	0	
12	1	0	0	0	0	0	0	0	1	0	0	0	0	0	0	
13	1	0	0	0	0	0	1	0	0	0	0	0	0	0	0	
14	0	0	0	0	0	0	0	0	0	0	0	0	0	0	0	
Starting Step 5
Finding next orphan
looping:1
looping:2
looping:3
looping:4
looping:5
looping:6
looping:7
looping:8
looping:9
looping:10
looping:11
looping:12
looping:13
looping:14
Printing OPEN LinkedList......
(-1, -1)->NULL
Starting Step 6
Next Proc:0
=====TABLE START=====
Proc Used: 3  currentTime: 11
Time:	|1	|2	|3	|4	|5	|6	|7	|8	|9	|10	|11	|
Proc: 1 |1	|1	|11	|11	|11	|11	|6	|6	|6	|14	|14	|
Proc: 2 |5	|13	|3	|4	|4	|0	|7	|9	|9	|9	|8	|
Proc: 3 |10	|12	|12	|2	|2	|2	|0	|0	|0	|0	|0	|
=====TABLE END=====
Starting Step 9
Starting Step 7
Starting Step 8
Printing Matrix...
 	0	1	2	3	4	5	6	7	8	9	10	11	12	13	14	
0	1	0	0	0	0	0	0	0	0	0	0	0	0	0	0	
1	3	0	1	1	1	0	0	0	0	0	0	0	0	0	0	
2	2	0	0	0	0	0	1	1	0	0	0	0	0	0	0	
3	2	0	0	0	0	0	1	1	0	0	0	0	0	0	0	
4	1	0	0	0	0	0	0	1	0	0	0	0	0	0	0	
5	1	0	0	0	0	0	1	0	0	0	0	0	0	0	0	
6	2	0	0	0	0	0	0	0	1	0	0	0	0	0	1	
7	1	0	0	0	0	0	0	0	0	1	0	0	0	0	0	
8	0	0	0	0	0	0	0	0	2	0	0	0	0	0	0	
9	1	0	0	0	0	0	0	0	1	0	0	0	0	0	0	
10	2	0	0	0	0	0	1	0	0	0	0	0	0	0	1	
11	2	0	0	0	0	0	0	1	1	0	0	0	0	0	0	
12	1	0	0	0	0	0	0	0	1	0	0	0	0	0	0	
13	1	0	0	0	0	0	1	0	0	0	0	0	0	0	0	
14	0	0	0	0	0	0	0	0	0	0	0	0	0	0	0	
Printing Matrix...
 	0	1	2	3	4	5	6	7	8	9	10	11	12	13	14	
0	0	0	0	0	0	0	0	0	0	0	0	0	0	0	0	
1	3	0	1	1	1	0	0	0	0	0	0	0	0	0	0	
2	2	0	0	0	0	0	1	1	0	0	0	0	0	0	0	
3	2	0	0	0	0	0	1	1	0	0	0	0	0	0	0	
4	1	0	0	0	0	0	0	1	0	0	0	0	0	0	0	
5	1	0	0	0	0	0	1	0	0	0	0	0	0	0	0	
6	2	0	0	0	0	0	0	0	1	0	0	0	0	0	1	
7	1	0	0	0	0	0	0	0	0	1	0	0	0	0	0	
8	0	0	0	0	0	0	0	0	0	0	0	0	0	0	0	
9	1	0	0	0	0	0	0	0	1	0	0	0	0	0	0	
10	2	0	0	0	0	0	1	0	0	0	0	0	0	0	1	
11	2	0	0	0	0	0	0	1	1	0	0	0	0	0	0	
12	1	0	0	0	0	0	0	0	1	0	0	0	0	0	0	
13	1	0	0	0	0	0	1	0	0	0	0	0	0	0	0	
14	0	0	0	0	0	0	0	0	0	0	0	0	0	0	0	
Printing Matrix...
 	0	1	2	3	4	5	6	7	8	9	10	11	12	13	14	
0	0	0	0	0	0	0	0	0	0	0	0	0	0	0	0	
1	3	0	1	1	1	0	0	0	0	0	0	0	0	0	0	
2	2	0	0	0	0	0	1	1	0	0	0	0	0	0	0	
3	2	0	0	0	0	0	1	1	0	0	0	0	0	0	0	
4	1	0	0	0	0	0	0	1	0	0	0	0	0	0	0	
5	1	0	0	0	0	0	1	0	0	0	0	0	0	0	0	
6	2	0	0	0	0	0	0	0	1	0	0	0	0	0	1	
7	1	0	0	0	0	0	0	0	0	1	0	0	0	0	0	
8	0	0	0	0	0	0	0	0	0	0	0	0	0	0	0	
9	1	0	0	0	0	0	0	0	1	0	0	0	0	0	0	
10	2	0	0	0	0	0	1	0	0	0	0	0	0	0	1	
11	2	0	0	0	0	0	0	1	1	0	0	0	0	0	0	
12	1	0	0	0	0	0	0	0	1	0	0	0	0	0	0	
13	1	0	0	0	0	0	1	0	0	0	0	0	0	0	0	
14	0	0	0	0	0	0	0	0	0	0	0	0	0	0	0	
